514.50	294.00	110.25	7.00	0.98	2	0.00	0	15.55	21.33		
514.50	294.00	110.25	7.00	0.98	3	0.00	0	15.55	21.33		
514.50	294.00	110.25	7.00	0.98	4	0.00	0	15.55	21.33		
514.50	294.00	110.25	7.00	0.98	5	0.00	0	15.55	21.33		
563.50	318.50	122.50	7.00	0.90	2	0.00	0	20.84	28.28		
563.50	318.50	122.50	7.00	0.90	3	0.00	0	21.46	25.38		
563.50	318.50	122.50	7.00	0.90	4	0.00	0	20.71	25.16		
563.50	318.50	122.50	7.00	0.90	5	0.00	0	19.68	29.60		
588.00	294.00	147.00	7.00	0.86	2	0.00	0	19.50	27.30		
588.00	294.00	147.00	7.00	0.86	3	0.00	0	19.95	21.97		
588.00	294.00	147.00	7.00	0.86	4	0.00	0	19.34	23.49		
588.00	294.00	147.00	7.00	0.86	5	0.00	0	18.31	27.87		
612.50	318.50	147.00	7.00	0.82	2	0.00	0	17.05	23.77		
612.50	318.50	147.00	7.00	0.82	3	0.00	0	17.41	21.46		
612.50	318.50	147.00	7.00	0.82	4	0.00	0	16.95	21.16		
612.50	318.50	147.00	7.00	0.82	5	0.00	0	15.98	24.93		
637.00	343.00	147.00	7.00	0.79	2	0.00	0	28.52	37.73		
637.00	343.00	147.00	7.00	0.79	3	0.00	0	29.90	31.27		
637.00	343.00	147.00	7.00	0.79	4	0.00	0	29.63	30.93		
637.00	343.00	147.00	7.00	0.79	5	0.00	0	28.75	39.44		
661.50	416.50	122.50	7.00	0.76	2	0.00	0	24.77	29.79		
661.50	416.50	122.50	7.00	0.76	3	0.00	0	23.93	29.68		
661.50	416.50	122.50	7.00	0.76	4	0.00	0	24.77	29.79		
661.50	416.50	122.50	7.00	0.76	5	0.00	0	23.93	29.40		
686.00	245.00	220.50	3.50	0.74	2	0.00	0	6.07	10.90		
686.00	245.00	220.50	3.50	0.74	3	0.00	0	6.05	11.19		
686.00	245.00	220.50	3.50	0.74	4	0.00	0	6.01	10.94		
686.00	245.00	220.50	3.50	0.74	5	0.00	0	6.04	11.17		
710.50	269.50	220.50	3.50	0.71	2	0.00	0	6.37	11.27		
710.50	269.50	220.50	3.50	0.71	3	0.00	0	6.40	11.72		
710.50	269.50	220.50	3.50	0.71	4	0.00	0	6.37	11.29		
710.50	269.50	220.50	3.50	0.71	5	0.00	0	6.40	11.67		
735.00	294.00	220.50	3.50	0.69	2	0.00	0	6.85	11.74		
735.00	294.00	220.50	3.50	0.69	3	0.00	0	6.79	12.05		
735.00	294.00	220.50	3.50	0.69	4	0.00	0	6.77	11.73		
735.00	294.00	220.50	3.50	0.69	5	0.00	0	6.81	11.93		
759.50	318.50	220.50	3.50	0.66	2	0.00	0	7.18	12.40		
759.50	318.50	220.50	3.50	0.66	3	0.00	0	7.10	12.23		
759.50	318.50	220.50	3.50	0.66	4	0.00	0	7.10	12.40		
759.50	318.50	220.50	3.50	0.66	5	0.00	0	7.10	12.14		
784.00	343.00	220.50	3.50	0.64	2	0.00	0	10.85	16.78		
784.00	343.00	220.50	3.50	0.64	3	0.00	0	10.54	16.80		
784.00	343.00	220.50	3.50	0.64	4	0.00	0	10.77	16.75		
784.00	343.00	220.50	3.50	0.64	5	0.00	0	10.56	16.67		
808.50	367.50	220.50	3.50	0.62	2	0.00	0	8.60	12.07		
808.50	367.50	220.50	3.50	0.62	3	0.00	0	8.49	12.22		
808.50	367.50	220.50	3.50	0.62	4	0.00	0	8.45	12.08		
808.50	367.50	220.50	3.50	0.62	5	0.00	0	8.50	12.04		
514.50	294.00	110.25	7.00	0.98	2	0.10	1	24.58	26.47		
514.50	294.00	110.25	7.00	0.98	3	0.10	1	24.63	26.37		
514.50	294.00	110.25	7.00	0.98	4	0.10	1	24.63	26.44		
514.50	294.00	110.25	7.00	0.98	5	0.10	1	24.59	26.29		
563.50	318.50	122.50	7.00	0.90	2	0.10	1	29.03	32.92		
563.50	318.50	122.50	7.00	0.90	3	0.10	1	29.87	29.87		
563.50	318.50	122.50	7.00	0.90	4	0.10	1	29.14	29.58		
563.50	318.50	122.50	7.00	0.90	5	0.10	1	28.09	34.33		
588.00	294.00	147.00	7.00	0.86	2	0.10	1	26.28	30.89		
588.00	294.00	147.00	7.00	0.86	3	0.10	1	26.91	25.60		
588.00	294.00	147.00	7.00	0.86	4	0.10	1	26.37	27.03		
588.00	294.00	147.00	7.00	0.86	5	0.10	1	25.27	31.73		
612.50	318.50	147.00	7.00	0.82	2	0.10	1	23.53	27.31		
612.50	318.50	147.00	7.00	0.82	3	0.10	1	24.03	24.91		
612.50	318.50	147.00	7.00	0.82	4	0.10	1	23.54	24.61		
612.50	318.50	147.00	7.00	0.82	5	0.10	1	22.58	28.51		
637.00	343.00	147.00	7.00	0.79	2	0.10	1	35.56	41.68		
637.00	343.00	147.00	7.00	0.79	3	0.10	1	37.12	35.28		
637.00	343.00	147.00	7.00	0.79	4	0.10	1	36.90	34.43		
637.00	343.00	147.00	7.00	0.79	5	0.10	1	35.94	43.33		
661.50	416.50	122.50	7.00	0.76	2	0.10	1	32.96	33.87		
661.50	416.50	122.50	7.00	0.76	3	0.10	1	32.12	34.07		
661.50	416.50	122.50	7.00	0.76	4	0.10	1	32.94	34.14		
661.50	416.50	122.50	7.00	0.76	5	0.10	1	32.21	33.67		
686.00	245.00	220.50	3.50	0.74	2	0.10	1	10.36	13.43		
686.00	245.00	220.50	3.50	0.74	3	0.10	1	10.43	13.71		
686.00	245.00	220.50	3.50	0.74	4	0.10	1	10.36	13.48		
686.00	245.00	220.50	3.50	0.74	5	0.10	1	10.39	13.70		
710.50	269.50	220.50	3.50	0.71	2	0.10	1	10.71	13.80		
710.50	269.50	220.50	3.50	0.71	3	0.10	1	10.80	14.28		
710.50	269.50	220.50	3.50	0.71	4	0.10	1	10.70	13.87		
710.50	269.50	220.50	3.50	0.71	5	0.10	1	10.75	14.27		
735.00	294.00	220.50	3.50	0.69	2	0.10	1	11.11	14.28		
735.00	294.00	220.50	3.50	0.69	3	0.10	1	11.13	14.61		
735.00	294.00	220.50	3.50	0.69	4	0.10	1	11.09	14.30		
735.00	294.00	220.50	3.50	0.69	5	0.10	1	11.16	14.45		
759.50	318.50	220.50	3.50	0.66	2	0.10	1	11.68	13.90		
759.50	318.50	220.50	3.50	0.66	3	0.10	1	11.69	13.72		
759.50	318.50	220.50	3.50	0.66	4	0.10	1	11.70	13.88		
759.50	318.50	220.50	3.50	0.66	5	0.10	1	11.69	13.65		
784.00	343.00	220.50	3.50	0.64	2	0.10	1	15.41	19.37		
784.00	343.00	220.50	3.50	0.64	3	0.10	1	15.20	19.43		
784.00	343.00	220.50	3.50	0.64	4	0.10	1	15.42	19.34		
784.00	343.00	220.50	3.50	0.64	5	0.10	1	15.21	19.32		
808.50	367.50	220.50	3.50	0.62	2	0.10	1	12.96	14.34		
808.50	367.50	220.50	3.50	0.62	3	0.10	1	12.97	14.50		
808.50	367.50	220.50	3.50	0.62	4	0.10	1	12.93	14.33		
808.50	367.50	220.50	3.50	0.62	5	0.10	1	13.02	14.27		
514.50	294.00	110.25	7.00	0.98	2	0.10	2	24.29	25.95		
514.50	294.00	110.25	7.00	0.98	3	0.10	2	24.31	25.63		
514.50	294.00	110.25	7.00	0.98	4	0.10	2	24.13	26.13		
514.50	294.00	110.25	7.00	0.98	5	0.10	2	24.25	25.89		
563.50	318.50	122.50	7.00	0.90	2	0.10	2	28.88	32.54		
563.50	318.50	122.50	7.00	0.90	3	0.10	2	29.68	29.44		
563.50	318.50	122.50	7.00	0.90	4	0.10	2	28.83	29.36		
563.50	318.50	122.50	7.00	0.90	5	0.10	2	27.90	34.20		
588.00	294.00	147.00	7.00	0.86	2	0.10	2	26.48	30.91		
588.00	294.00	147.00	7.00	0.86	3	0.10	2	27.02	25.63		
588.00	294.00	147.00	7.00	0.86	4	0.10	2	26.33	27.36		
588.00	294.00	147.00	7.00	0.86	5	0.10	2	25.36	31.90		
612.50	318.50	147.00	7.00	0.82	2	0.10	2	23.75	27.38		
612.50	318.50	147.00	7.00	0.82	3	0.10	2	24.23	25.02		
612.50	318.50	147.00	7.00	0.82	4	0.10	2	23.67	24.80		
612.50	318.50	147.00	7.00	0.82	5	0.10	2	22.79	28.79		
637.00	343.00	147.00	7.00	0.79	2	0.10	2	35.65	41.07		
637.00	343.00	147.00	7.00	0.79	3	0.10	2	37.26	34.62		
637.00	343.00	147.00	7.00	0.79	4	0.10	2	36.97	33.87		
637.00	343.00	147.00	7.00	0.79	5	0.10	2	36.03	42.86		
661.50	416.50	122.50	7.00	0.76	2	0.10	2	33.16	33.91		
661.50	416.50	122.50	7.00	0.76	3	0.10	2	32.40	34.07		
661.50	416.50	122.50	7.00	0.76	4	0.10	2	33.12	34.17		
661.50	416.50	122.50	7.00	0.76	5	0.10	2	32.41	33.78		
686.00	245.00	220.50	3.50	0.74	2	0.10	2	10.42	13.39		
686.00	245.00	220.50	3.50	0.74	3	0.10	2	10.46	13.72		
686.00	245.00	220.50	3.50	0.74	4	0.10	2	10.32	13.57		
686.00	245.00	220.50	3.50	0.74	5	0.10	2	10.45	13.79		
710.50	269.50	220.50	3.50	0.71	2	0.10	2	10.64	13.67		
710.50	269.50	220.50	3.50	0.71	3	0.10	2	10.72	14.11		
710.50	269.50	220.50	3.50	0.71	4	0.10	2	10.55	13.80		
710.50	269.50	220.50	3.50	0.71	5	0.10	2	10.68	14.21		
735.00	294.00	220.50	3.50	0.69	2	0.10	2	11.45	13.20		
735.00	294.00	220.50	3.50	0.69	3	0.10	2	11.46	13.54		
735.00	294.00	220.50	3.50	0.69	4	0.10	2	11.32	13.32		
735.00	294.00	220.50	3.50	0.69	5	0.10	2	11.49	13.51		
759.50	318.50	220.50	3.50	0.66	2	0.10	2	11.45	14.86		
759.50	318.50	220.50	3.50	0.66	3	0.10	2	11.42	14.75		
759.50	318.50	220.50	3.50	0.66	4	0.10	2	11.33	15.00		
759.50	318.50	220.50	3.50	0.66	5	0.10	2	11.43	14.74		
784.00	343.00	220.50	3.50	0.64	2	0.10	2	15.41	19.23		
784.00	343.00	220.50	3.50	0.64	3	0.10	2	15.18	19.34		
784.00	343.00	220.50	3.50	0.64	4	0.10	2	15.34	19.32		
784.00	343.00	220.50	3.50	0.64	5	0.10	2	15.19	19.30		
808.50	367.50	220.50	3.50	0.62	2	0.10	2	12.88	14.37		
808.50	367.50	220.50	3.50	0.62	3	0.10	2	13.00	14.57		
808.50	367.50	220.50	3.50	0.62	4	0.10	2	12.97	14.27		
808.50	367.50	220.50	3.50	0.62	5	0.10	2	13.04	14.24		
514.50	294.00	110.25	7.00	0.98	2	0.10	3	24.28	25.68		
514.50	294.00	110.25	7.00	0.98	3	0.10	3	24.40	26.02		
514.50	294.00	110.25	7.00	0.98	4	0.10	3	24.11	25.84		
514.50	294.00	110.25	7.00	0.98	5	0.10	3	24.35	26.14		
563.50	318.50	122.50	7.00	0.90	2	0.10	3	28.07	34.14		
563.50	318.50	122.50	7.00	0.90	3	0.10	3	29.01	32.85		
563.50	318.50	122.50	7.00	0.90	4	0.10	3	29.62	30.08		
563.50	318.50	122.50	7.00	0.90	5	0.10	3	29.05	29.67		
588.00	294.00	147.00	7.00	0.86	2	0.10	3	25.41	31.73		
588.00	294.00	147.00	7.00	0.86	3	0.10	3	26.47	31.01		
588.00	294.00	147.00	7.00	0.86	4	0.10	3	26.89	25.90		
588.00	294.00	147.00	7.00	0.86	5	0.10	3	26.46	27.40		
612.50	318.50	147.00	7.00	0.82	2	0.10	3	22.93	28.68		
612.50	318.50	147.00	7.00	0.82	3	0.10	3	23.84	27.54		
612.50	318.50	147.00	7.00	0.82	4	0.10	3	24.17	25.35		
612.50	318.50	147.00	7.00	0.82	5	0.10	3	23.87	24.93		
637.00	343.00	147.00	7.00	0.79	2	0.10	3	35.78	43.12		
637.00	343.00	147.00	7.00	0.79	3	0.10	3	35.48	41.22		
637.00	343.00	147.00	7.00	0.79	4	0.10	3	36.97	35.10		
637.00	343.00	147.00	7.00	0.79	5	0.10	3	36.70	34.29		
661.50	416.50	122.50	7.00	0.76	2	0.10	3	32.52	33.85		
661.50	416.50	122.50	7.00	0.76	3	0.10	3	33.28	34.11		
661.50	416.50	122.50	7.00	0.76	4	0.10	3	32.33	34.48		
661.50	416.50	122.50	7.00	0.76	5	0.10	3	33.24	34.50		
686.00	245.00	220.50	3.50	0.74	2	0.10	3	10.39	13.60		
686.00	245.00	220.50	3.50	0.74	3	0.10	3	10.34	13.36		
686.00	245.00	220.50	3.50	0.74	4	0.10	3	10.35	13.65		
686.00	245.00	220.50	3.50	0.74	5	0.10	3	10.38	13.49		
710.50	269.50	220.50	3.50	0.71	2	0.10	3	10.77	14.14		
710.50	269.50	220.50	3.50	0.71	3	0.10	3	10.68	13.77		
710.50	269.50	220.50	3.50	0.71	4	0.10	3	10.68	14.30		
710.50	269.50	220.50	3.50	0.71	5	0.10	3	10.70	13.87		
735.00	294.00	220.50	3.50	0.69	2	0.10	3	11.22	14.44		
735.00	294.00	220.50	3.50	0.69	3	0.10	3	11.16	14.27		
735.00	294.00	220.50	3.50	0.69	4	0.10	3	11.10	14.67		
735.00	294.00	220.50	3.50	0.69	5	0.10	3	11.14	14.40		
759.50	318.50	220.50	3.50	0.66	2	0.10	3	11.59	13.46		
759.50	318.50	220.50	3.50	0.66	3	0.10	3	11.60	13.70		
759.50	318.50	220.50	3.50	0.66	4	0.10	3	11.53	13.59		
759.50	318.50	220.50	3.50	0.66	5	0.10	3	11.61	13.83		
784.00	343.00	220.50	3.50	0.64	2	0.10	3	15.16	19.14		
784.00	343.00	220.50	3.50	0.64	3	0.10	3	15.36	19.18		
784.00	343.00	220.50	3.50	0.64	4	0.10	3	15.12	19.37		
784.00	343.00	220.50	3.50	0.64	5	0.10	3	15.36	19.29		
808.50	367.50	220.50	3.50	0.62	2	0.10	3	12.68	14.09		
808.50	367.50	220.50	3.50	0.62	3	0.10	3	12.63	14.23		
808.50	367.50	220.50	3.50	0.62	4	0.10	3	12.71	14.14		
808.50	367.50	220.50	3.50	0.62	5	0.10	3	12.73	13.89		
514.50	294.00	110.25	7.00	0.98	2	0.10	4	24.38	25.91		
514.50	294.00	110.25	7.00	0.98	3	0.10	4	24.23	25.72		
514.50	294.00	110.25	7.00	0.98	4	0.10	4	24.04	26.18		
514.50	294.00	110.25	7.00	0.98	5	0.10	4	24.32	25.87		
563.50	318.50	122.50	7.00	0.90	2	0.10	4	29.06	29.34		
563.50	318.50	122.50	7.00	0.90	3	0.10	4	28.05	33.91		
563.50	318.50	122.50	7.00	0.90	4	0.10	4	28.86	32.83		
563.50	318.50	122.50	7.00	0.90	5	0.10	4	29.79	29.92		
588.00	294.00	147.00	7.00	0.86	2	0.10	4	26.44	27.17		
588.00	294.00	147.00	7.00	0.86	3	0.10	4	25.37	31.76		
588.00	294.00	147.00	7.00	0.86	4	0.10	4	26.33	31.06		
588.00	294.00	147.00	7.00	0.86	5	0.10	4	27.03	25.81		
612.50	318.50	147.00	7.00	0.82	2	0.10	4	23.80	24.61		
612.50	318.50	147.00	7.00	0.82	3	0.10	4	22.80	28.61		
612.50	318.50	147.00	7.00	0.82	4	0.10	4	23.59	27.57		
612.50	318.50	147.00	7.00	0.82	5	0.10	4	24.24	25.16		
637.00	343.00	147.00	7.00	0.79	2	0.10	4	36.86	34.25		
637.00	343.00	147.00	7.00	0.79	3	0.10	4	35.89	43.30		
637.00	343.00	147.00	7.00	0.79	4	0.10	4	35.45	41.86		
637.00	343.00	147.00	7.00	0.79	5	0.10	4	37.10	35.29		
661.50	416.50	122.50	7.00	0.76	2	0.10	4	33.08	34.11		
661.50	416.50	122.50	7.00	0.76	3	0.10	4	32.38	33.62		
661.50	416.50	122.50	7.00	0.76	4	0.10	4	33.09	33.89		
661.50	416.50	122.50	7.00	0.76	5	0.10	4	32.31	34.05		
686.00	245.00	220.50	3.50	0.74	2	0.10	4	10.08	13.20		
686.00	245.00	220.50	3.50	0.74	3	0.10	4	10.15	13.36		
686.00	245.00	220.50	3.50	0.74	4	0.10	4	10.07	13.21		
686.00	245.00	220.50	3.50	0.74	5	0.10	4	10.14	13.53		
710.50	269.50	220.50	3.50	0.71	2	0.10	4	10.66	13.67		
710.50	269.50	220.50	3.50	0.71	3	0.10	4	10.68	14.12		
710.50	269.50	220.50	3.50	0.71	4	0.10	4	10.53	13.79		
710.50	269.50	220.50	3.50	0.71	5	0.10	4	10.72	14.20		
735.00	294.00	220.50	3.50	0.69	2	0.10	4	11.18	14.29		
735.00	294.00	220.50	3.50	0.69	3	0.10	4	11.22	14.49		
735.00	294.00	220.50	3.50	0.69	4	0.10	4	11.07	14.42		
735.00	294.00	220.50	3.50	0.69	5	0.10	4	11.20	14.73		
759.50	318.50	220.50	3.50	0.66	2	0.10	4	11.44	14.86		
759.50	318.50	220.50	3.50	0.66	3	0.10	4	11.42	14.67		
759.50	318.50	220.50	3.50	0.66	4	0.10	4	11.33	15.00		
759.50	318.50	220.50	3.50	0.66	5	0.10	4	11.43	14.83		
784.00	343.00	220.50	3.50	0.64	2	0.10	4	15.40	19.24		
784.00	343.00	220.50	3.50	0.64	3	0.10	4	15.19	19.25		
784.00	343.00	220.50	3.50	0.64	4	0.10	4	15.32	19.42		
784.00	343.00	220.50	3.50	0.64	5	0.10	4	15.16	19.48		
808.50	367.50	220.50	3.50	0.62	2	0.10	4	12.85	14.37		
808.50	367.50	220.50	3.50	0.62	3	0.10	4	13.04	14.34		
808.50	367.50	220.50	3.50	0.62	4	0.10	4	13.00	14.28		
808.50	367.50	220.50	3.50	0.62	5	0.10	4	13.00	14.47		
514.50	294.00	110.25	7.00	0.98	2	0.10	5	24.35	25.64		
514.50	294.00	110.25	7.00	0.98	3	0.10	5	24.33	25.98		
514.50	294.00	110.25	7.00	0.98	4	0.10	5	24.03	25.88		
514.50	294.00	110.25	7.00	0.98	5	0.10	5	24.26	26.18		
563.50	318.50	122.50	7.00	0.90	2	0.10	5	29.83	29.82		
563.50	318.50	122.50	7.00	0.90	3	0.10	5	29.08	29.52		
563.50	318.50	122.50	7.00	0.90	4	0.10	5	28.03	34.45		
563.50	318.50	122.50	7.00	0.90	5	0.10	5	29.02	33.01		
588.00	294.00	147.00	7.00	0.86	2	0.10	5	27.03	25.82		
588.00	294.00	147.00	7.00	0.86	3	0.10	5	26.45	27.33		
588.00	294.00	147.00	7.00	0.86	4	0.10	5	25.36	32.04		
588.00	294.00	147.00	7.00	0.86	5	0.10	5	26.45	31.28		
612.50	318.50	147.00	7.00	0.82	2	0.10	5	24.37	25.11		
612.50	318.50	147.00	7.00	0.82	3	0.10	5	23.89	24.77		
612.50	318.50	147.00	7.00	0.82	4	0.10	5	22.89	28.88		
612.50	318.50	147.00	7.00	0.82	5	0.10	5	23.86	27.69		
637.00	343.00	147.00	7.00	0.79	2	0.10	5	37.03	34.99		
637.00	343.00	147.00	7.00	0.79	3	0.10	5	36.71	34.18		
637.00	343.00	147.00	7.00	0.79	4	0.10	5	36.77	43.14		
637.00	343.00	147.00	7.00	0.79	5	0.10	5	35.48	41.26		
661.50	416.50	122.50	7.00	0.76	2	0.10	5	32.31	34.25		
661.50	416.50	122.50	7.00	0.76	3	0.10	5	33.21	34.35		
661.50	416.50	122.50	7.00	0.76	4	0.10	5	32.46	33.64		
661.50	416.50	122.50	7.00	0.76	5	0.10	5	33.27	33.88		
686.00	245.00	220.50	3.50	0.74	2	0.10	5	10.47	13.65		
686.00	245.00	220.50	3.50	0.74	3	0.10	5	10.37	13.44		
686.00	245.00	220.50	3.50	0.74	4	0.10	5	10.34	13.72		
686.00	245.00	220.50	3.50	0.74	5	0.10	5	10.39	13.50		
710.50	269.50	220.50	3.50	0.71	2	0.10	5	10.78	14.18		
710.50	269.50	220.50	3.50	0.71	3	0.10	5	10.70	13.75		
710.50	269.50	220.50	3.50	0.71	4	0.10	5	10.67	14.26		
710.50	269.50	220.50	3.50	0.71	5	0.10	5	13.69	13.89		
735.00	294.00	220.50	3.50	0.69	2	0.10	5	11.21	14.55		
735.00	294.00	220.50	3.50	0.69	3	0.10	5	11.14	14.28		
735.00	294.00	220.50	3.50	0.69	4	0.10	5	11.11	14.46		
735.00	294.00	220.50	3.50	0.69	5	0.10	5	11.16	14.39		
759.50	318.50	220.50	3.50	0.66	2	0.10	5	11.38	14.54		
759.50	318.50	220.50	3.50	0.66	3	0.10	5	11.34	14.81		
759.50	318.50	220.50	3.50	0.66	4	0.10	5	11.22	14.65		
759.50	318.50	220.50	3.50	0.66	5	0.10	5	11.34	14.87		
784.00	343.00	220.50	3.50	0.64	2	0.10	5	15.16	19.24		
784.00	343.00	220.50	3.50	0.64	3	0.10	5	15.37	19.18		
784.00	343.00	220.50	3.50	0.64	4	0.10	5	15.12	19.26		
784.00	343.00	220.50	3.50	0.64	5	0.10	5	15.36	19.29		
808.50	367.50	220.50	3.50	0.62	2	0.10	5	12.59	14.24		
808.50	367.50	220.50	3.50	0.62	3	0.10	5	12.74	13.97		
808.50	367.50	220.50	3.50	0.62	4	0.10	5	12.80	13.99		
808.50	367.50	220.50	3.50	0.62	5	0.10	5	12.62	14.15		
514.50	294.00	110.25	7.00	0.98	2	0.25	1	28.15	29.79		
514.50	294.00	110.25	7.00	0.98	3	0.25	1	28.15	29.79		
514.50	294.00	110.25	7.00	0.98	4	0.25	1	28.37	29.28		
514.50	294.00	110.25	7.00	0.98	5	0.25	1	28.41	29.49		
563.50	318.50	122.50	7.00	0.90	2	0.25	1	32.68	36.12		
563.50	318.50	122.50	7.00	0.90	3	0.25	1	33.48	33.17		
563.50	318.50	122.50	7.00	0.90	4	0.25	1	32.84	32.71		
563.50	318.50	122.50	7.00	0.90	5	0.25	1	32.00	37.58		
588.00	294.00	147.00	7.00	0.86	2	0.25	1	29.54	33.98		
588.00	294.00	147.00	7.00	0.86	3	0.25	1	30.05	28.61		
588.00	294.00	147.00	7.00	0.86	4	0.25	1	29.60	30.12		
588.00	294.00	147.00	7.00	0.86	5	0.25	1	28.66	34.73		
612.50	318.50	147.00	7.00	0.82	2	0.25	1	26.84	30.17		
612.50	318.50	147.00	7.00	0.82	3	0.25	1	27.27	27.84		
612.50	318.50	147.00	7.00	0.82	4	0.25	1	26.97	27.25		
612.50	318.50	147.00	7.00	0.82	5	0.25	1	26.19	31.39		
637.00	343.00	147.00	7.00	0.79	2	0.25	1	38.67	43.80		
637.00	343.00	147.00	7.00	0.79	3	0.25	1	40.03	37.81		
637.00	343.00	147.00	7.00	0.79	4	0.25	1	39.86	36.85		
637.00	343.00	147.00	7.00	0.79	5	0.25	1	39.04	45.52		
661.50	416.50	122.50	7.00	0.76	2	0.25	1	36.96	36.85		
661.50	416.50	122.50	7.00	0.76	3	0.25	1	36.13	37.58		
661.50	416.50	122.50	7.00	0.76	4	0.25	1	36.91	37.45		
661.50	416.50	122.50	7.00	0.76	5	0.25	1	36.43	36.62		
686.00	245.00	220.50	3.50	0.74	2	0.25	1	12.43	15.19		
686.00	245.00	220.50	3.50	0.74	3	0.25	1	12.50	15.50		
686.00	245.00	220.50	3.50	0.74	4	0.25	1	12.41	15.28		
686.00	245.00	220.50	3.50	0.74	5	0.25	1	12.45	15.50		
710.50	269.50	220.50	3.50	0.71	2	0.25	1	12.57	15.42		
710.50	269.50	220.50	3.50	0.71	3	0.25	1	12.65	15.85		
710.50	269.50	220.50	3.50	0.71	4	0.25	1	12.57	15.44		
710.50	269.50	220.50	3.50	0.71	5	0.25	1	12.63	15.81		
735.00	294.00	220.50	3.50	0.69	2	0.25	1	12.78	15.21		
735.00	294.00	220.50	3.50	0.69	3	0.25	1	12.93	15.63		
735.00	294.00	220.50	3.50	0.69	4	0.25	1	12.73	15.48		
735.00	294.00	220.50	3.50	0.69	5	0.25	1	12.72	15.78		
759.50	318.50	220.50	3.50	0.66	2	0.25	1	13.17	16.39		
759.50	318.50	220.50	3.50	0.66	3	0.25	1	13.18	16.27		
759.50	318.50	220.50	3.50	0.66	4	0.25	1	13.17	16.39		
759.50	318.50	220.50	3.50	0.66	5	0.25	1	13.18	16.19		
784.00	343.00	220.50	3.50	0.64	2	0.25	1	17.50	21.13		
784.00	343.00	220.50	3.50	0.64	3	0.25	1	17.35	21.19		
784.00	343.00	220.50	3.50	0.64	4	0.25	1	17.52	21.09		
784.00	343.00	220.50	3.50	0.64	5	0.25	1	17.37	21.08		
808.50	367.50	220.50	3.50	0.62	2	0.25	1	15.09	15.77		
808.50	367.50	220.50	3.50	0.62	3	0.25	1	15.12	15.95		
808.50	367.50	220.50	3.50	0.62	4	0.25	1	15.08	15.77		
808.50	367.50	220.50	3.50	0.62	5	0.25	1	15.16	15.76		
514.50	294.00	110.25	7.00	0.98	2	0.25	2	28.67	29.62		
514.50	294.00	110.25	7.00	0.98	3	0.25	2	28.57	29.69		
514.50	294.00	110.25	7.00	0.98	4	0.25	2	28.18	30.18		
514.50	294.00	110.25	7.00	0.98	5	0.25	2	28.60	30.02		
563.50	318.50	122.50	7.00	0.90	2	0.25	2	32.46	35.56		
563.50	318.50	122.50	7.00	0.90	3	0.25	2	33.27	32.64		
563.50	318.50	122.50	7.00	0.90	4	0.25	2	32.33	32.77		
563.50	318.50	122.50	7.00	0.90	5	0.25	2	31.66	37.72		
588.00	294.00	147.00	7.00	0.86	2	0.25	2	29.34	33.37		
588.00	294.00	147.00	7.00	0.86	3	0.25	2	29.87	27.89		
588.00	294.00	147.00	7.00	0.86	4	0.25	2	29.27	29.90		
588.00	294.00	147.00	7.00	0.86	5	0.25	2	28.40	34.52		
612.50	318.50	147.00	7.00	0.82	2	0.25	2	25.74	28.27		
612.50	318.50	147.00	7.00	0.82	3	0.25	2	25.98	26.96		
612.50	318.50	147.00	7.00	0.82	4	0.25	2	25.38	26.72		
612.50	318.50	147.00	7.00	0.82	5	0.25	2	24.94	29.88		
637.00	343.00	147.00	7.00	0.79	2	0.25	2	38.57	43.86		
637.00	343.00	147.00	7.00	0.79	3	0.25	2	40.19	37.41		
637.00	343.00	147.00	7.00	0.79	4	0.25	2	39.97	36.77		
637.00	343.00	147.00	7.00	0.79	5	0.25	2	38.98	45.97		
661.50	416.50	122.50	7.00	0.76	2	0.25	2	36.95	36.87		
661.50	416.50	122.50	7.00	0.76	3	0.25	2	36.28	37.35		
661.50	416.50	122.50	7.00	0.76	4	0.25	2	36.86	37.28		
661.50	416.50	122.50	7.00	0.76	5	0.25	2	36.45	36.81		
686.00	245.00	220.50	3.50	0.74	2	0.25	2	12.35	14.73		
686.00	245.00	220.50	3.50	0.74	3	0.25	2	12.45	15.10		
686.00	245.00	220.50	3.50	0.74	4	0.25	2	12.16	15.18		
686.00	245.00	220.50	3.50	0.74	5	0.25	2	12.30	15.44		
710.50	269.50	220.50	3.50	0.71	2	0.25	2	12.33	14.91		
710.50	269.50	220.50	3.50	0.71	3	0.25	2	12.29	15.40		
710.50	269.50	220.50	3.50	0.71	4	0.25	2	12.20	14.94		
710.50	269.50	220.50	3.50	0.71	5	0.25	2	12.49	15.32		
735.00	294.00	220.50	3.50	0.69	2	0.25	2	12.85	15.52		
735.00	294.00	220.50	3.50	0.69	3	0.25	2	12.87	15.85		
735.00	294.00	220.50	3.50	0.69	4	0.25	2	12.73	15.66		
735.00	294.00	220.50	3.50	0.69	5	0.25	2	12.95	15.99		
759.50	318.50	220.50	3.50	0.66	2	0.25	2	13.05	15.89		
759.50	318.50	220.50	3.50	0.66	3	0.25	2	12.93	15.85		
759.50	318.50	220.50	3.50	0.66	4	0.25	2	12.77	16.22		
759.50	318.50	220.50	3.50	0.66	5	0.25	2	13.00	15.87		
784.00	343.00	220.50	3.50	0.64	2	0.25	2	17.14	20.47		
784.00	343.00	220.50	3.50	0.64	3	0.25	2	16.84	20.56		
784.00	343.00	220.50	3.50	0.64	4	0.25	2	17.02	20.48		
784.00	343.00	220.50	3.50	0.64	5	0.25	2	17.11	20.43		
808.50	367.50	220.50	3.50	0.62	2	0.25	2	14.34	15.32		
808.50	367.50	220.50	3.50	0.62	3	0.25	2	14.66	15.64		
808.50	367.50	220.50	3.50	0.62	4	0.25	2	14.60	15.14		
808.50	367.50	220.50	3.50	0.62	5	0.25	2	14.60	15.30		
514.50	294.00	110.25	7.00	0.98	2	0.25	3	28.67	29.43		
514.50	294.00	110.25	7.00	0.98	3	0.25	3	28.56	29.78		
514.50	294.00	110.25	7.00	0.98	4	0.25	3	28.17	30.10		
514.50	294.00	110.25	7.00	0.98	5	0.25	3	28.63	30.19		
563.50	318.50	122.50	7.00	0.90	2	0.25	3	31.63	36.35		
563.50	318.50	122.50	7.00	0.90	3	0.25	3	32.40	35.10		
563.50	318.50	122.50	7.00	0.90	4	0.25	3	32.68	32.83		
563.50	318.50	122.50	7.00	0.90	5	0.25	3	32.29	32.46		
588.00	294.00	147.00	7.00	0.86	2	0.25	3	28.40	33.52		
588.00	294.00	147.00	7.00	0.86	3	0.25	3	29.40	32.93		
588.00	294.00	147.00	7.00	0.86	4	0.25	3	29.43	28.38		
588.00	294.00	147.00	7.00	0.86	5	0.25	3	29.07	29.82		
612.50	318.50	147.00	7.00	0.82	2	0.25	3	24.70	28.77		
612.50	318.50	147.00	7.00	0.82	3	0.25	3	25.48	27.76		
612.50	318.50	147.00	7.00	0.82	4	0.25	3	25.37	26.95		
612.50	318.50	147.00	7.00	0.82	5	0.25	3	25.17	26.41		
637.00	343.00	147.00	7.00	0.79	2	0.25	3	39.04	45.13		
637.00	343.00	147.00	7.00	0.79	3	0.25	3	38.35	43.66		
637.00	343.00	147.00	7.00	0.79	4	0.25	3	39.81	37.76		
637.00	343.00	147.00	7.00	0.79	5	0.25	3	39.83	36.87		
661.50	416.50	122.50	7.00	0.76	2	0.25	3	35.99	36.07		
661.50	416.50	122.50	7.00	0.76	3	0.25	3	36.59	36.44		
661.50	416.50	122.50	7.00	0.76	4	0.25	3	35.64	37.28		
661.50	416.50	122.50	7.00	0.76	5	0.25	3	36.52	37.29		
686.00	245.00	220.50	3.50	0.74	2	0.25	3	11.80	14.49		
686.00	245.00	220.50	3.50	0.74	3	0.25	3	12.03	13.79		
686.00	245.00	220.50	3.50	0.74	4	0.25	3	11.98	14.72		
686.00	245.00	220.50	3.50	0.74	5	0.25	3	11.69	14.76		
710.50	269.50	220.50	3.50	0.71	2	0.25	3	12.41	14.92		
710.50	269.50	220.50	3.50	0.71	3	0.25	3	12.28	14.74		
710.50	269.50	220.50	3.50	0.71	4	0.25	3	12.10	15.57		
710.50	269.50	220.50	3.50	0.71	5	0.25	3	12.19	14.94		
735.00	294.00	220.50	3.50	0.69	2	0.25	3	12.34	14.92		
735.00	294.00	220.50	3.50	0.69	3	0.25	3	12.46	14.38		
735.00	294.00	220.50	3.50	0.69	4	0.25	3	12.31	15.44		
735.00	294.00	220.50	3.50	0.69	5	0.25	3	12.12	15.17		
759.50	318.50	220.50	3.50	0.66	2	0.25	3	12.97	15.53		
759.50	318.50	220.50	3.50	0.66	3	0.25	3	13.01	15.80		
759.50	318.50	220.50	3.50	0.66	4	0.25	3	12.74	16.14		
759.50	318.50	220.50	3.50	0.66	5	0.25	3	12.84	16.26		
784.00	343.00	220.50	3.50	0.64	2	0.25	3	16.83	19.87		
784.00	343.00	220.50	3.50	0.64	3	0.25	3	16.93	20.03		
784.00	343.00	220.50	3.50	0.64	4	0.25	3	16.66	20.46		
784.00	343.00	220.50	3.50	0.64	5	0.25	3	16.86	20.28		
808.50	367.50	220.50	3.50	0.62	2	0.25	3	13.91	14.89		
808.50	367.50	220.50	3.50	0.62	3	0.25	3	14.34	14.96		
808.50	367.50	220.50	3.50	0.62	4	0.25	3	13.95	14.89		
808.50	367.50	220.50	3.50	0.62	5	0.25	3	13.99	14.35		
514.50	294.00	110.25	7.00	0.98	2	0.25	4	28.70	29.61		
514.50	294.00	110.25	7.00	0.98	3	0.25	4	28.55	29.59		
514.50	294.00	110.25	7.00	0.98	4	0.25	4	28.15	30.19		
514.50	294.00	110.25	7.00	0.98	5	0.25	4	28.62	30.12		
563.50	318.50	122.50	7.00	0.90	2	0.25	4	32.67	32.12		
563.50	318.50	122.50	7.00	0.90	3	0.25	4	31.69	37.12		
563.50	318.50	122.50	7.00	0.90	4	0.25	4	32.07	36.16		
563.50	318.50	122.50	7.00	0.90	5	0.25	4	33.28	33.16		
588.00	294.00	147.00	7.00	0.86	2	0.25	4	29.47	29.45		
588.00	294.00	147.00	7.00	0.86	3	0.25	4	28.42	34.19		
588.00	294.00	147.00	7.00	0.86	4	0.25	4	29.08	33.93		
588.00	294.00	147.00	7.00	0.86	5	0.25	4	29.88	28.31		
612.50	318.50	147.00	7.00	0.82	2	0.25	4	25.66	26.30		
612.50	318.50	147.00	7.00	0.82	3	0.25	4	24.96	29.43		
612.50	318.50	147.00	7.00	0.82	4	0.25	4	25.43	28.76		
612.50	318.50	147.00	7.00	0.82	5	0.25	4	26.00	27.34		
637.00	343.00	147.00	7.00	0.79	2	0.25	4	40.00	36.26		
637.00	343.00	147.00	7.00	0.79	3	0.25	4	38.84	45.48		
637.00	343.00	147.00	7.00	0.79	4	0.25	4	38.33	44.16		
637.00	343.00	147.00	7.00	0.79	5	0.25	4	40.12	37.26		
661.50	416.50	122.50	7.00	0.76	2	0.25	4	36.95	37.20		
661.50	416.50	122.50	7.00	0.76	3	0.25	4	36.45	36.76		
661.50	416.50	122.50	7.00	0.76	4	0.25	4	36.81	37.05		
661.50	416.50	122.50	7.00	0.76	5	0.25	4	36.26	37.51		
686.00	245.00	220.50	3.50	0.74	2	0.25	4	12.32	14.92		
686.00	245.00	220.50	3.50	0.74	3	0.25	4	12.30	15.24		
686.00	245.00	220.50	3.50	0.74	4	0.25	4	12.18	15.03		
686.00	245.00	220.50	3.50	0.74	5	0.25	4	12.43	15.35		
710.50	269.50	220.50	3.50	0.71	2	0.25	4	12.36	14.67		
710.50	269.50	220.50	3.50	0.71	3	0.25	4	12.49	15.09		
710.50	269.50	220.50	3.50	0.71	4	0.25	4	12.17	15.20		
710.50	269.50	220.50	3.50	0.71	5	0.25	4	12.28	15.64		
735.00	294.00	220.50	3.50	0.69	2	0.25	4	12.91	15.37		
735.00	294.00	220.50	3.50	0.69	3	0.25	4	12.95	15.73		
735.00	294.00	220.50	3.50	0.69	4	0.25	4	12.67	15.83		
735.00	294.00	220.50	3.50	0.69	5	0.25	4	12.86	16.13		
759.50	318.50	220.50	3.50	0.66	2	0.25	4	12.95	15.95		
759.50	318.50	220.50	3.50	0.66	3	0.25	4	13.00	15.59		
759.50	318.50	220.50	3.50	0.66	4	0.25	4	12.86	16.17		
759.50	318.50	220.50	3.50	0.66	5	0.25	4	12.92	16.14		
784.00	343.00	220.50	3.50	0.64	2	0.25	4	16.99	19.65		
784.00	343.00	220.50	3.50	0.64	3	0.25	4	16.69	19.76		
784.00	343.00	220.50	3.50	0.64	4	0.25	4	16.56	20.37		
784.00	343.00	220.50	3.50	0.64	5	0.25	4	16.62	19.90		
808.50	367.50	220.50	3.50	0.62	2	0.25	4	14.33	15.41		
808.50	367.50	220.50	3.50	0.62	3	0.25	4	14.61	15.56		
808.50	367.50	220.50	3.50	0.62	4	0.25	4	14.61	15.07		
808.50	367.50	220.50	3.50	0.62	5	0.25	4	14.65	15.38		
514.50	294.00	110.25	7.00	0.98	2	0.25	5	28.69	29.53		
514.50	294.00	110.25	7.00	0.98	3	0.25	5	28.58	29.77		
514.50	294.00	110.25	7.00	0.98	4	0.25	5	28.15	30.00		
514.50	294.00	110.25	7.00	0.98	5	0.25	5	28.61	30.20		
563.50	318.50	122.50	7.00	0.90	2	0.25	5	33.13	32.25		
563.50	318.50	122.50	7.00	0.90	3	0.25	5	32.31	32.00		
563.50	318.50	122.50	7.00	0.90	4	0.25	5	31.53	37.19		
563.50	318.50	122.50	7.00	0.90	5	0.25	5	32.46	35.62		
588.00	294.00	147.00	7.00	0.86	2	0.25	5	29.71	28.02		
588.00	294.00	147.00	7.00	0.86	3	0.25	5	29.09	29.43		
588.00	294.00	147.00	7.00	0.86	4	0.25	5	28.31	34.15		
588.00	294.00	147.00	7.00	0.86	5	0.25	5	29.39	33.47		
612.50	318.50	147.00	7.00	0.82	2	0.25	5	25.70	26.53		
612.50	318.50	147.00	7.00	0.82	3	0.25	5	25.17	26.08		
612.50	318.50	147.00	7.00	0.82	4	0.25	5	24.60	29.31		
612.50	318.50	147.00	7.00	0.82	5	0.25	5	25.49	28.14		
637.00	343.00	147.00	7.00	0.79	2	0.25	5	39.89	37.54		
637.00	343.00	147.00	7.00	0.79	3	0.25	5	39.83	36.66		
637.00	343.00	147.00	7.00	0.79	4	0.25	5	39.01	45.28		
637.00	343.00	147.00	7.00	0.79	5	0.25	5	38.65	43.73		
661.50	416.50	122.50	7.00	0.76	2	0.25	5	35.69	36.93		
661.50	416.50	122.50	7.00	0.76	3	0.25	5	36.64	37.01		
661.50	416.50	122.50	7.00	0.76	4	0.25	5	36.06	35.73		
661.50	416.50	122.50	7.00	0.76	5	0.25	5	36.70	36.15		
686.00	245.00	220.50	3.50	0.74	2	0.25	5	12.12	14.48		
686.00	245.00	220.50	3.50	0.74	3	0.25	5	11.67	14.58		
686.00	245.00	220.50	3.50	0.74	4	0.25	5	11.64	14.81		
686.00	245.00	220.50	3.50	0.74	5	0.25	5	12.02	14.03		
710.50	269.50	220.50	3.50	0.71	2	0.25	5	12.27	15.27		
710.50	269.50	220.50	3.50	0.71	3	0.25	5	12.19	14.71		
710.50	269.50	220.50	3.50	0.71	4	0.25	5	12.25	15.23		
710.50	269.50	220.50	3.50	0.71	5	0.25	5	12.27	14.97		
735.00	294.00	220.50	3.50	0.69	2	0.25	5	12.47	15.14		
735.00	294.00	220.50	3.50	0.69	3	0.25	5	12.12	14.97		
735.00	294.00	220.50	3.50	0.69	4	0.25	5	12.18	15.22		
735.00	294.00	220.50	3.50	0.69	5	0.25	5	12.47	14.60		
759.50	318.50	220.50	3.50	0.66	2	0.25	5	12.93	15.83		
759.50	318.50	220.50	3.50	0.66	3	0.25	5	12.82	16.03		
759.50	318.50	220.50	3.50	0.66	4	0.25	5	12.78	15.80		
759.50	318.50	220.50	3.50	0.66	5	0.25	5	13.02	16.06		
784.00	343.00	220.50	3.50	0.64	2	0.25	5	16.73	20.13		
784.00	343.00	220.50	3.50	0.64	3	0.25	5	16.86	20.01		
784.00	343.00	220.50	3.50	0.64	4	0.25	5	16.76	20.19		
784.00	343.00	220.50	3.50	0.64	5	0.25	5	16.92	20.29		
808.50	367.50	220.50	3.50	0.62	2	0.25	5	13.68	15.19		
808.50	367.50	220.50	3.50	0.62	3	0.25	5	13.99	14.61		
808.50	367.50	220.50	3.50	0.62	4	0.25	5	14.16	14.61		
808.50	367.50	220.50	3.50	0.62	5	0.25	5	13.86	14.75		
514.50	294.00	110.25	7.00	0.98	2	0.40	1	32.26	33.37		
514.50	294.00	110.25	7.00	0.98	3	0.40	1	32.26	33.34		
514.50	294.00	110.25	7.00	0.98	4	0.40	1	32.49	32.83		
514.50	294.00	110.25	7.00	0.98	5	0.40	1	32.53	33.04		
563.50	318.50	122.50	7.00	0.90	2	0.40	1	36.47	39.28		
563.50	318.50	122.50	7.00	0.90	3	0.40	1	37.24	36.38		
563.50	318.50	122.50	7.00	0.90	4	0.40	1	36.66	35.92		
563.50	318.50	122.50	7.00	0.90	5	0.40	1	35.96	40.99		
588.00	294.00	147.00	7.00	0.86	2	0.40	1	31.89	35.99		
588.00	294.00	147.00	7.00	0.86	3	0.40	1	32.39	30.66		
588.00	294.00	147.00	7.00	0.86	4	0.40	1	32.09	31.70		
588.00	294.00	147.00	7.00	0.86	5	0.40	1	31.29	36.73		
612.50	318.50	147.00	7.00	0.82	2	0.40	1	29.22	31.71		
612.50	318.50	147.00	7.00	0.82	3	0.40	1	29.91	29.13		
612.50	318.50	147.00	7.00	0.82	4	0.40	1	29.53	28.99		
612.50	318.50	147.00	7.00	0.82	5	0.40	1	28.65	33.54		
637.00	343.00	147.00	7.00	0.79	2	0.40	1	41.40	45.29		
637.00	343.00	147.00	7.00	0.79	3	0.40	1	42.62	39.07		
637.00	343.00	147.00	7.00	0.79	4	0.40	1	42.50	38.35		
637.00	343.00	147.00	7.00	0.79	5	0.40	1	41.67	46.94		
661.50	416.50	122.50	7.00	0.76	2	0.40	1	40.78	39.55		
661.50	416.50	122.50	7.00	0.76	3	0.40	1	39.97	40.85		
661.50	416.50	122.50	7.00	0.76	4	0.40	1	40.71	40.63		
661.50	416.50	122.50	7.00	0.76	5	0.40	1	40.43	39.48		
686.00	245.00	220.50	3.50	0.74	2	0.40	1	14.52	16.94		
686.00	245.00	220.50	3.50	0.74	3	0.40	1	14.61	17.25		
686.00	245.00	220.50	3.50	0.74	4	0.40	1	14.50	17.03		
686.00	245.00	220.50	3.50	0.74	5	0.40	1	14.55	17.25		
710.50	269.50	220.50	3.50	0.71	2	0.40	1	14.51	17.10		
710.50	269.50	220.50	3.50	0.71	3	0.40	1	14.60	17.51		
710.50	269.50	220.50	3.50	0.71	4	0.40	1	14.50	17.12		
710.50	269.50	220.50	3.50	0.71	5	0.40	1	14.58	17.47		
735.00	294.00	220.50	3.50	0.69	2	0.40	1	14.51	16.50		
735.00	294.00	220.50	3.50	0.69	3	0.40	1	14.70	17.00		
735.00	294.00	220.50	3.50	0.69	4	0.40	1	14.42	16.87		
735.00	294.00	220.50	3.50	0.69	5	0.40	1	14.42	17.20		
759.50	318.50	220.50	3.50	0.66	2	0.40	1	15.23	18.14		
759.50	318.50	220.50	3.50	0.66	3	0.40	1	15.23	18.03		
759.50	318.50	220.50	3.50	0.66	4	0.40	1	15.23	18.14		
759.50	318.50	220.50	3.50	0.66	5	0.40	1	15.23	17.95		
784.00	343.00	220.50	3.50	0.64	2	0.40	1	19.52	22.72		
784.00	343.00	220.50	3.50	0.64	3	0.40	1	19.36	22.73		
784.00	343.00	220.50	3.50	0.64	4	0.40	1	19.48	22.72		
784.00	343.00	220.50	3.50	0.64	5	0.40	1	19.42	22.53		
808.50	367.50	220.50	3.50	0.62	2	0.40	1	15.09	17.20		
808.50	367.50	220.50	3.50	0.62	3	0.40	1	17.17	17.21		
808.50	367.50	220.50	3.50	0.62	4	0.40	1	17.14	17.15		
808.50	367.50	220.50	3.50	0.62	5	0.40	1	17.14	17.20		
514.50	294.00	110.25	7.00	0.98	2	0.40	2	32.82	32.96		
514.50	294.00	110.25	7.00	0.98	3	0.40	2	32.71	33.13		
514.50	294.00	110.25	7.00	0.98	4	0.40	2	32.24	33.94		
514.50	294.00	110.25	7.00	0.98	5	0.40	2	32.72	33.78		
563.50	318.50	122.50	7.00	0.90	2	0.40	2	35.84	38.35		
563.50	318.50	122.50	7.00	0.90	3	0.40	2	36.57	35.39		
563.50	318.50	122.50	7.00	0.90	4	0.40	2	36.06	34.94		
563.50	318.50	122.50	7.00	0.90	5	0.40	2	35.69	40.66		
588.00	294.00	147.00	7.00	0.86	2	0.40	2	32.48	35.48		
588.00	294.00	147.00	7.00	0.86	3	0.40	2	32.74	30.53		
588.00	294.00	147.00	7.00	0.86	4	0.40	2	32.13	32.28		
588.00	294.00	147.00	7.00	0.86	5	0.40	2	31.64	36.86		
612.50	318.50	147.00	7.00	0.82	2	0.40	2	28.95	30.34		
612.50	318.50	147.00	7.00	0.82	3	0.40	2	29.49	27.93		
612.50	318.50	147.00	7.00	0.82	4	0.40	2	28.64	28.95		
612.50	318.50	147.00	7.00	0.82	5	0.40	2	28.01	32.92		
637.00	343.00	147.00	7.00	0.79	2	0.40	2	41.64	45.59		
637.00	343.00	147.00	7.00	0.79	3	0.40	2	43.10	39.41		
637.00	343.00	147.00	7.00	0.79	4	0.40	2	42.74	38.84		
637.00	343.00	147.00	7.00	0.79	5	0.40	2	41.92	48.03		
661.50	416.50	122.50	7.00	0.76	2	0.40	2	40.78	39.48		
661.50	416.50	122.50	7.00	0.76	3	0.40	2	40.15	40.40		
661.50	416.50	122.50	7.00	0.76	4	0.40	2	40.57	40.47		
661.50	416.50	122.50	7.00	0.76	5	0.40	2	40.42	39.70		
686.00	245.00	220.50	3.50	0.74	2	0.40	2	14.54	16.43		
686.00	245.00	220.50	3.50	0.74	3	0.40	2	14.45	16.93		
686.00	245.00	220.50	3.50	0.74	4	0.40	2	14.18	16.99		
686.00	245.00	220.50	3.50	0.74	5	0.40	2	14.50	17.03		
710.50	269.50	220.50	3.50	0.71	2	0.40	2	14.70	16.77		
710.50	269.50	220.50	3.50	0.71	3	0.40	2	14.66	17.37		
710.50	269.50	220.50	3.50	0.71	4	0.40	2	14.40	17.27		
710.50	269.50	220.50	3.50	0.71	5	0.40	2	14.71	17.51		
735.00	294.00	220.50	3.50	0.69	2	0.40	2	14.75	16.44		
735.00	294.00	220.50	3.50	0.69	3	0.40	2	14.71	17.01		
735.00	294.00	220.50	3.50	0.69	4	0.40	2	14.33	17.23		
735.00	294.00	220.50	3.50	0.69	5	0.40	2	14.62	17.22		
759.50	318.50	220.50	3.50	0.66	2	0.40	2	15.34	17.85		
759.50	318.50	220.50	3.50	0.66	3	0.40	2	15.29	17.89		
759.50	318.50	220.50	3.50	0.66	4	0.40	2	15.09	18.36		
759.50	318.50	220.50	3.50	0.66	5	0.40	2	15.30	18.15		
784.00	343.00	220.50	3.50	0.64	2	0.40	2	19.20	21.72		
784.00	343.00	220.50	3.50	0.64	3	0.40	2	18.88	22.07		
784.00	343.00	220.50	3.50	0.64	4	0.40	2	18.90	22.09		
784.00	343.00	220.50	3.50	0.64	5	0.40	2	19.12	21.93		
808.50	367.50	220.50	3.50	0.62	2	0.40	2	16.76	17.36		
808.50	367.50	220.50	3.50	0.62	3	0.40	2	17.23	17.38		
808.50	367.50	220.50	3.50	0.62	4	0.40	2	17.26	16.86		
808.50	367.50	220.50	3.50	0.62	5	0.40	2	17.15	16.99		
514.50	294.00	110.25	7.00	0.98	2	0.40	3	32.82	32.78		
514.50	294.00	110.25	7.00	0.98	3	0.40	3	32.69	33.24		
514.50	294.00	110.25	7.00	0.98	4	0.40	3	32.23	33.86		
514.50	294.00	110.25	7.00	0.98	5	0.40	3	32.75	34.00		
563.50	318.50	122.50	7.00	0.90	2	0.40	3	34.24	37.26		
563.50	318.50	122.50	7.00	0.90	3	0.40	3	34.95	35.04		
563.50	318.50	122.50	7.00	0.90	4	0.40	3	35.05	33.82		
563.50	318.50	122.50	7.00	0.90	5	0.40	3	34.29	33.31		
588.00	294.00	147.00	7.00	0.86	2	0.40	3	31.28	35.22		
588.00	294.00	147.00	7.00	0.86	3	0.40	3	32.12	34.70		
588.00	294.00	147.00	7.00	0.86	4	0.40	3	32.05	30.11		
588.00	294.00	147.00	7.00	0.86	5	0.40	3	31.84	31.60		
612.50	318.50	147.00	7.00	0.82	2	0.40	3	28.67	32.43		
612.50	318.50	147.00	7.00	0.82	3	0.40	3	29.67	30.65		
612.50	318.50	147.00	7.00	0.82	4	0.40	3	29.47	29.77		
612.50	318.50	147.00	7.00	0.82	5	0.40	3	28.91	29.64		
637.00	343.00	147.00	7.00	0.79	2	0.40	3	41.26	46.44		
637.00	343.00	147.00	7.00	0.79	3	0.40	3	41.30	44.18		
637.00	343.00	147.00	7.00	0.79	4	0.40	3	42.49	38.81		
637.00	343.00	147.00	7.00	0.79	5	0.40	3	42.08	38.23		
661.50	416.50	122.50	7.00	0.76	2	0.40	3	39.32	38.17		
661.50	416.50	122.50	7.00	0.76	3	0.40	3	39.84	38.48		
661.50	416.50	122.50	7.00	0.76	4	0.40	3	38.89	39.66		
661.50	416.50	122.50	7.00	0.76	5	0.40	3	39.68	40.10		
686.00	245.00	220.50	3.50	0.74	2	0.40	3	13.97	16.08		
686.00	245.00	220.50	3.50	0.74	3	0.40	3	14.22	15.39		
686.00	245.00	220.50	3.50	0.74	4	0.40	3	14.10	16.57		
686.00	245.00	220.50	3.50	0.74	5	0.40	3	13.78	16.60		
710.50	269.50	220.50	3.50	0.71	2	0.40	3	14.07	16.11		
710.50	269.50	220.50	3.50	0.71	3	0.40	3	14.03	15.47		
710.50	269.50	220.50	3.50	0.71	4	0.40	3	13.94	16.70		
710.50	269.50	220.50	3.50	0.71	5	0.40	3	13.86	16.10		
735.00	294.00	220.50	3.50	0.69	2	0.40	3	14.32	16.35		
735.00	294.00	220.50	3.50	0.69	3	0.40	3	14.56	15.84		
735.00	294.00	220.50	3.50	0.69	4	0.40	3	14.33	16.99		
735.00	294.00	220.50	3.50	0.69	5	0.40	3	14.08	17.02		
759.50	318.50	220.50	3.50	0.66	2	0.40	3	15.16	17.04		
759.50	318.50	220.50	3.50	0.66	3	0.40	3	15.18	17.63		
759.50	318.50	220.50	3.50	0.66	4	0.40	3	14.72	18.10		
759.50	318.50	220.50	3.50	0.66	5	0.40	3	14.90	18.22		
784.00	343.00	220.50	3.50	0.64	2	0.40	3	18.48	20.78		
784.00	343.00	220.50	3.50	0.64	3	0.40	3	18.71	20.72		
784.00	343.00	220.50	3.50	0.64	4	0.40	3	18.48	21.54		
784.00	343.00	220.50	3.50	0.64	5	0.40	3	18.46	21.53		
808.50	367.50	220.50	3.50	0.62	2	0.40	3	16.47	16.90		
808.50	367.50	220.50	3.50	0.62	3	0.40	3	16.35	17.14		
808.50	367.50	220.50	3.50	0.62	4	0.40	3	16.55	16.56		
808.50	367.50	220.50	3.50	0.62	5	0.40	3	16.74	16.00		
514.50	294.00	110.25	7.00	0.98	2	0.40	4	32.85	32.95		
514.50	294.00	110.25	7.00	0.98	3	0.40	4	32.67	33.06		
514.50	294.00	110.25	7.00	0.98	4	0.40	4	32.21	33.95		
514.50	294.00	110.25	7.00	0.98	5	0.40	4	32.74	33.88		
563.50	318.50	122.50	7.00	0.90	2	0.40	4	36.45	33.98		
563.50	318.50	122.50	7.00	0.90	3	0.40	4	35.73	39.92		
563.50	318.50	122.50	7.00	0.90	4	0.40	4	35.40	39.22		
563.50	318.50	122.50	7.00	0.90	5	0.40	4	36.57	36.10		
588.00	294.00	147.00	7.00	0.86	2	0.40	4	32.38	31.53		
588.00	294.00	147.00	7.00	0.86	3	0.40	4	31.66	36.20		
588.00	294.00	147.00	7.00	0.86	4	0.40	4	32.15	36.21		
588.00	294.00	147.00	7.00	0.86	5	0.40	4	32.75	31.00		
612.50	318.50	147.00	7.00	0.82	2	0.40	4	28.93	28.20		
612.50	318.50	147.00	7.00	0.82	3	0.40	4	28.05	32.35		
612.50	318.50	147.00	7.00	0.82	4	0.40	4	28.64	31.14		
612.50	318.50	147.00	7.00	0.82	5	0.40	4	29.52	28.43		
637.00	343.00	147.00	7.00	0.79	2	0.40	4	42.77	38.33		
637.00	343.00	147.00	7.00	0.79	3	0.40	4	41.73	47.59		
637.00	343.00	147.00	7.00	0.79	4	0.40	4	41.32	46.23		
637.00	343.00	147.00	7.00	0.79	5	0.40	4	42.96	39.56		
661.50	416.50	122.50	7.00	0.76	2	0.40	4	40.68	40.36		
661.50	416.50	122.50	7.00	0.76	3	0.40	4	40.40	39.67		
661.50	416.50	122.50	7.00	0.76	4	0.40	4	40.60	39.85		
661.50	416.50	122.50	7.00	0.76	5	0.40	4	40.11	40.77		
686.00	245.00	220.50	3.50	0.74	2	0.40	4	14.37	16.61		
686.00	245.00	220.50	3.50	0.74	3	0.40	4	14.48	16.74		
686.00	245.00	220.50	3.50	0.74	4	0.40	4	14.32	16.90		
686.00	245.00	220.50	3.50	0.74	5	0.40	4	14.44	17.32		
710.50	269.50	220.50	3.50	0.71	2	0.40	4	14.60	16.85		
710.50	269.50	220.50	3.50	0.71	3	0.40	4	14.70	17.20		
710.50	269.50	220.50	3.50	0.71	4	0.40	4	14.47	17.23		
710.50	269.50	220.50	3.50	0.71	5	0.40	4	14.66	17.74		
735.00	294.00	220.50	3.50	0.69	2	0.40	4	14.54	16.81		
735.00	294.00	220.50	3.50	0.69	3	0.40	4	14.62	16.88		
735.00	294.00	220.50	3.50	0.69	4	0.40	4	14.53	16.90		
735.00	294.00	220.50	3.50	0.69	5	0.40	4	14.71	17.39		
759.50	318.50	220.50	3.50	0.66	2	0.40	4	15.34	17.86		
759.50	318.50	220.50	3.50	0.66	3	0.40	4	15.29	17.82		
759.50	318.50	220.50	3.50	0.66	4	0.40	4	15.09	18.36		
759.50	318.50	220.50	3.50	0.66	5	0.40	4	15.30	18.24		
784.00	343.00	220.50	3.50	0.64	2	0.40	4	19.06	21.68		
784.00	343.00	220.50	3.50	0.64	3	0.40	4	19.13	21.54		
784.00	343.00	220.50	3.50	0.64	4	0.40	4	19.00	22.25		
784.00	343.00	220.50	3.50	0.64	5	0.40	4	18.84	22.49		
808.50	367.50	220.50	3.50	0.62	2	0.40	4	16.44	17.10		
808.50	367.50	220.50	3.50	0.62	3	0.40	4	16.90	16.79		
808.50	367.50	220.50	3.50	0.62	4	0.40	4	16.94	16.58		
808.50	367.50	220.50	3.50	0.62	5	0.40	4	16.77	16.79		
514.50	294.00	110.25	7.00	0.98	2	0.40	5	32.84	32.88		
514.50	294.00	110.25	7.00	0.98	3	0.40	5	32.72	33.23		
514.50	294.00	110.25	7.00	0.98	4	0.40	5	32.21	33.76		
514.50	294.00	110.25	7.00	0.98	5	0.40	5	32.73	34.01		
563.50	318.50	122.50	7.00	0.90	2	0.40	5	35.67	33.94		
563.50	318.50	122.50	7.00	0.90	3	0.40	5	35.01	33.14		
563.50	318.50	122.50	7.00	0.90	4	0.40	5	34.72	38.79		
563.50	318.50	122.50	7.00	0.90	5	0.40	5	35.24	37.27		
588.00	294.00	147.00	7.00	0.86	2	0.40	5	32.31	29.69		
588.00	294.00	147.00	7.00	0.86	3	0.40	5	31.81	31.20		
588.00	294.00	147.00	7.00	0.86	4	0.40	5	31.12	36.26		
588.00	294.00	147.00	7.00	0.86	5	0.40	5	32.06	35.71		
612.50	318.50	147.00	7.00	0.82	2	0.40	5	30.00	29.93		
612.50	318.50	147.00	7.00	0.82	3	0.40	5	29.50	29.56		
612.50	318.50	147.00	7.00	0.82	4	0.40	5	29.06	33.84		
612.50	318.50	147.00	7.00	0.82	5	0.40	5	29.92	32.54		
637.00	343.00	147.00	7.00	0.79	2	0.40	5	42.11	38.56		
637.00	343.00	147.00	7.00	0.79	3	0.40	5	41.96	37.70		
637.00	343.00	147.00	7.00	0.79	4	0.40	5	41.09	47.01		
637.00	343.00	147.00	7.00	0.79	5	0.40	5	40.79	44.87		
661.50	416.50	122.50	7.00	0.76	2	0.40	5	38.82	39.37		
661.50	416.50	122.50	7.00	0.76	3	0.40	5	39.72	39.80		
661.50	416.50	122.50	7.00	0.76	4	0.40	5	39.31	37.79		
661.50	416.50	122.50	7.00	0.76	5	0.40	5	39.86	38.18		
686.00	245.00	220.50	3.50	0.74	2	0.40	5	14.41	16.69		
686.00	245.00	220.50	3.50	0.74	3	0.40	5	14.19	16.62		
686.00	245.00	220.50	3.50	0.74	4	0.40	5	14.17	16.94		
686.00	245.00	220.50	3.50	0.74	5	0.40	5	14.39	16.70		
710.50	269.50	220.50	3.50	0.71	2	0.40	5	12.43	15.59		
710.50	269.50	220.50	3.50	0.71	3	0.40	5	12.63	14.58		
710.50	269.50	220.50	3.50	0.71	4	0.40	5	12.76	15.33		
710.50	269.50	220.50	3.50	0.71	5	0.40	5	12.42	15.31		
735.00	294.00	220.50	3.50	0.69	2	0.40	5	14.12	16.63		
735.00	294.00	220.50	3.50	0.69	3	0.40	5	14.28	15.87		
735.00	294.00	220.50	3.50	0.69	4	0.40	5	14.37	16.54		
735.00	294.00	220.50	3.50	0.69	5	0.40	5	14.21	16.74		
759.50	318.50	220.50	3.50	0.66	2	0.40	5	14.96	17.64		
759.50	318.50	220.50	3.50	0.66	3	0.40	5	14.92	17.79		
759.50	318.50	220.50	3.50	0.66	4	0.40	5	14.92	17.55		
759.50	318.50	220.50	3.50	0.66	5	0.40	5	15.16	18.06		
784.00	343.00	220.50	3.50	0.64	2	0.40	5	17.69	20.82		
784.00	343.00	220.50	3.50	0.64	3	0.40	5	18.19	20.21		
784.00	343.00	220.50	3.50	0.64	4	0.40	5	18.16	20.71		
784.00	343.00	220.50	3.50	0.64	5	0.40	5	17.88	21.40		
808.50	367.50	220.50	3.50	0.62	2	0.40	5	16.54	16.88		
808.50	367.50	220.50	3.50	0.62	3	0.40	5	16.44	17.11		
808.50	367.50	220.50	3.50	0.62	4	0.40	5	16.48	16.61		
808.50	367.50	220.50	3.50	0.62	5	0.40	5	16.64	16.03		
											
											
											
											
											
											
											
											
											
											
											
											
											
											
											
											
											
											
											
											
											
											
											
											
											
											
											
											
											
											
											
											
											
											
											
											
											
											
											
											
											
											
											
											
											
											
											
											
											
											
											
											
											
											
											
											
											
											
											
											
											
											
											
											
											
											
											
											
											
											
											
											
											
											
											
											
											
											
											
											
											
											
											
											
											
											
											
											
											
											
											
											
											
											
											
											
											
											
											
											
											
											
											
											
											
											
											
											
											
											
											
											
											
											
											
											
											
											
											
											
											
											
											
											
											
											
											
											
											
											
											
											
											
											
											
											
											
											
											
											
											
											
											
											
											
											
											
											
											
											
											
											
											
											
											
											
											
											
											
											
											
											
											
											
											
											
											
											
											
											
											
											
											
											
											
											
											
											
											
											
											
											
											
											
											
											
											
											
											
											
											
											
											
											
											
											
											
											
											
											
											
											
											
											
											
											
											
											
											
											
											
											
											
											
											
											
											
											
											
											
											
											
											
											
											
											
											
											
											
											
											
											
											
											
											
											
											
											
											
											
											
											
											
											
											
											
											
											
											
											
											
											
											
											
											
											
											
											
											
											
											
											
											
											
											
											
											
											
											
											
											
											
											
											
											
											
											
											
											
											
											
											
											
											
											
											
											
											
											
											
											
											
											
											
											
											
											
											
											
											
											
											
											
											
											
											
											
											
											
											
											
											
											
											
											
											
											
											
											
											
											
											
											
											
											
											
											
											
											
											
											
											
											
											
											
											
											
											
											
											
											
											
											
											
											
											
											
											
											
											
											
											
											
											
											
											
											
											
											
											
											
											
											
											
											
											
											
											
											
											
											
											
											
											
											
											
											
											
											
											
											
											
											
											
											
											
											
											
											
											
											
											
											
											
											
											
											
											
											
											
											
											
											
											
											
											
											
											
											
											
											
											
											
											
											
											
											
											
											
											
											
											
											
											
											
											
											
											
											
											
											
											
											
											
											
											
											
											
											
											
											
											
											
											
											
											
											
											
											
											
											
											
											
											
											
											
											
											
											
											
											
											
											
											
											
											
											
											
											
											
											
											
											
											
											
											
											
											
											
											
											
											
											
											
											
											
											
											
											
											
											
											
											
											
											
											
											
											
											
											
											
											
											
											
											
											
											
											
											
											
											
											
											
											
											
											
											
											
											
											
											
											
											
											
											
											
											
											
